COM Level saved by the Experience Level Loader
COM By Brett Hickman, Lucas Li, and Alex Hartford
COM Spring 2022


COM Next Level: <NXT path>
NXT ../levels/street.txt

COM Camera Setup: <POV pos.x pos.y pos.z>
POV -10.7816 23.6316 35.3751 

COM Object: <OBJ id pos.x pos.y pos.z angleX angleY angleZ vel.x vel.y vel.z rad_v rad_c rad_s scale inter? disap? noteN sound>
OBJ 9 9.17114 24.8791 179.385 -1.6 0 0 1 1 1 16 2.1 1.414 1 0 0 0 1 
OBJ 9 82.5159 14.0752 4.76395 -1.6 0 0 1 1 1 16 2.1 1.414 1 0 0 0 1 
OBJ 9 27.8022 19.0193 31.4335 -1.6 0 0 1 1 1 16 2.1 1.414 1 0 0 0 1 
OBJ 9 -97.1143 12.4466 239.965 -1.6 0 0 1 1 1 16 2.1 1.414 1 0 0 0 1 
OBJ 9 92.8348 14.9122 74.2438 -1.6 0 0 1 1 1 16 2.1 1.414 1 0 0 0 1 
OBJ 9 16.5319 18.6987 -189.151 -1.6 0 0 1 1 1 16 2.1 1.414 1 0 0 0 1 
OBJ 9 -27.9089 18.6987 14.7633 -1.6 0 0 1 1 1 16 2.1 1.414 1 0 0 0 1 
OBJ 9 6.59491 20.2708 0.636261 -1.6 0 0 1 1 1 16 2.1 1.414 1 0 0 0 1 
OBJ 9 173.62 12.5209 -2.43735 -1.6 0 0 1 1 1 16 2.1 1.414 1 0 0 0 1 
OBJ 9 -4.52151 16.662 166.879 -1.6 0 0 1 1 1 16 2.1 1.414 1 0 0 0 1 
OBJ 9 209.112 14.2502 -136.637 -1.6 0 0 1 1 1 16 2.1 1.414 1 0 0 0 1 
OBJ 9 -63.5691 14.4742 -46.1168 -1.6 0 0 1 1 1 16 2.1 1.414 1 0 0 0 1 
OBJ 9 235.455 16.6522 -28.4144 -1.6 0 0 1 1 1 16 2.1 1.414 1 0 0 0 1 
OBJ 9 -120.446 14.2364 150.646 -1.6 0 0 1 1 1 16 2.1 1.414 1 0 0 0 1 
OBJ 9 188.952 10.539 -168.501 -1.6 0 0 1 1 1 16 2.1 1.414 1 0 0 0 1 
OBJ 9 -120.095 15.0002 -110.363 -1.6 0 0 1 1 1 16 2.1 1.414 1 0 0 0 1 
OBJ 9 209.053 12.3057 196.468 -1.6 0 0 1 1 1 16 2.1 1.414 1 0 0 0 1 
OBJ 9 -130.286 19.4708 209.929 -1.6 0 0 1 1 1 16 2.1 1.414 1 0 0 0 1 
OBJ 9 -39.1084 21.1882 104.89 -1.6 0 0 1 1 1 16 2.1 1.414 1 0 0 0 1 
OBJ 10 -153.574 12.3201 -35.2414 -1.6 0 0 1 1 1 11.22 0.911627 1.414 0.701252 0 0 0 1 
OBJ 10 184.222 12.1668 -17.8659 -1.6 0 0 1 1 1 8.88269 0.721719 1.414 0.555168 0 0 0 1 
OBJ 10 -10.6116 15.1863 -110.042 -1.6 0 0 1 1 1 9.65144 0.784179 1.414 0.603215 0 0 0 1 
OBJ 10 6.18103 14.9807 84.5283 -1.6 0 0 1 1 1 10.666 0.866611 1.414 0.666624 0 0 0 1 
OBJ 10 194.999 14.437 -178.03 -1.6 0 0 1 1 1 9.7547 0.792569 1.414 0.609669 0 0 0 1 
OBJ 10 -22.7749 15.2447 62.1746 -1.6 0 0 1 1 1 11.7777 0.956939 1.414 0.736107 0 0 0 1 
OBJ 10 18.3619 18.3977 208.159 -1.6 0 0 1 1 1 13.9354 1.13225 1.414 0.87096 0 0 0 1 
OBJ 10 -8.82845 10.0727 -59.6013 -1.6 0 0 1 1 1 15.2765 1.24122 1.414 0.954783 0 0 0 1 
OBJ 10 -161.437 15.4284 -189.544 -1.6 0 0 1 1 1 11.2603 0.914901 1.414 0.70377 0 0 0 1 
OBJ 10 30.6639 19.7795 167.751 -1.6 0 0 1 1 1 9.89659 0.804098 1.414 0.618537 0 0 0 1 
OBJ 11 22.5867 11.2264 -65.4744 -1.6 0 0 1 1 1 12.5886 2.69867 1.414 0.786786 0 0 0 1 
OBJ 11 -194.616 10.1168 81.6537 -1.6 0 0 1 1 1 12.2354 2.62296 1.414 0.76471 0 0 0 1 
OBJ 11 225.136 19.5391 -101.076 -1.6 0 0 1 1 1 13.324 2.85634 1.414 0.832752 0 0 0 1 
OBJ 11 -147.669 18.9935 210.949 -1.6 0 0 1 1 1 10.4519 2.24062 1.414 0.653242 0 0 0 1 
OBJ 11 -173.902 15.6279 196.785 -1.6 0 0 1 1 1 10.4132 2.23233 1.414 0.650824 0 0 0 1 
OBJ 11 155.007 13.7698 -2.41678 -1.6 0 0 1 1 1 9.84017 2.10949 1.414 0.615011 0 0 0 1 
OBJ 11 224.454 17.9701 -115.108 -1.6 0 0 1 1 1 13.5996 2.91542 1.414 0.849975 0 0 0 1 
OBJ 11 -166.924 18.3481 -17.7856 -1.6 0 0 1 1 1 9.40039 2.01521 1.414 0.587525 0 0 0 1 
OBJ 11 -178.083 10.4136 -120.202 -1.6 0 0 1 1 1 8.75432 1.87671 1.414 0.547145 0 0 0 1 
OBJ 11 119.245 17.2914 -7.93515 -1.6 0 0 1 1 1 11.5234 2.47032 1.414 0.720211 0 0 0 1 
OBJ 12 -123.232 15.7647 -36.8034 -1.6 0 0 1 1 1 13.9286 4.43974 1.414 0.870537 0 0 0 1 
OBJ 12 -105.706 16.3456 158.229 -1.6 0 0 1 1 1 12.2413 3.90193 1.414 0.765084 0 0 0 1 
OBJ 12 28.7535 25.9136 179.446 -1.6 0 0 1 1 1 15.8498 5.05213 1.414 0.990613 0 0 0 1 
OBJ 12 10.9769 17.8277 168.029 -1.6 0 0 1 1 1 15.0193 4.78741 1.414 0.938707 0 0 0 1 
OBJ 12 110.53 11.7989 29.4733 -1.6 0 0 1 1 1 10.8834 3.46909 1.414 0.680214 0 0 0 1 
OBJ 12 112.338 10.4313 64.8335 -1.6 0 0 1 1 1 8.29916 2.64536 1.414 0.518697 0 0 0 1 
OBJ 12 16.496 17.8039 87.4881 -1.6 0 0 1 1 1 11.1374 3.55006 1.414 0.69609 0 0 0 1 
OBJ 12 -37.9102 18.0771 3.55249 -1.6 0 0 1 1 1 9.94232 3.16911 1.414 0.621395 0 0 0 1 
OBJ 12 51.7602 21.0771 93.7923 -1.6 0 0 1 1 1 9.59598 3.05872 1.414 0.599749 0 0 0 1 
OBJ 12 218.86 15.8843 27.9711 -1.6 0 0 1 1 1 15.824 5.04391 1.414 0.989002 0 0 0 1 
OBJ 13 -55.3775 15.4052 -90.2149 -1.6 0 0 1 1 1 12.3283 6.39532 1.414 0.77052 0 0 0 1 
OBJ 13 -81.2141 14.8562 -45.7664 -1.6 0 0 1 1 1 10.9683 5.68982 1.414 0.68552 0 0 0 1 
OBJ 13 -169.473 20.9297 -178.621 -1.6 0 0 1 1 1 12.9559 6.72085 1.414 0.809741 0 0 0 1 
OBJ 13 86.5121 12.0141 -151.957 -1.6 0 0 1 1 1 9.00411 4.67088 1.414 0.562757 0 0 0 1 
OBJ 13 28.5041 10.7108 -51.0875 -1.6 0 0 1 1 1 8.96547 4.65084 1.414 0.560342 0 0 0 1 
OBJ 13 -50.1833 11.9564 88.7684 -1.6 0 0 1 1 1 10.3611 5.37483 1.414 0.647569 0 0 0 1 
OBJ 13 -25.7294 16.0457 125.547 -1.6 0 0 1 1 1 9.3681 4.8597 1.414 0.585506 0 0 0 1 
OBJ 13 -113.579 22.2084 -165.657 -1.6 0 0 1 1 1 14.6023 7.57495 1.414 0.912645 0 0 0 1 
OBJ 13 77.7285 10.1109 63.9281 -1.6 0 0 1 1 1 11.6207 6.02825 1.414 0.726295 0 0 0 1 
OBJ 13 103.976 10.5268 -121.438 -1.6 0 0 1 1 1 14.9817 7.77174 1.414 0.936354 0 0 0 1 
OBJ 14 72.1793 14.602 76.6032 -1.6 0 0 1 1 1 12.9063 7.66314 1.414 0.806646 0 0 0 1 
OBJ 14 63.8654 18.479 -174.764 -1.6 0 0 1 1 1 15.5632 9.24068 1.414 0.972703 0 0 0 1 
OBJ 14 -7.93684 14.8816 -34.655 -1.6 0 0 1 1 1 14.431 8.56843 1.414 0.90194 0 0 0 1 
OBJ 14 163.68 25.9967 129.839 -1.6 0 0 1 1 1 8.71752 5.17603 1.414 0.544845 0 0 0 1 
OBJ 14 -10.6958 21.9922 235.02 -1.6 0 0 1 1 1 14.2096 8.43694 1.414 0.888099 0 0 0 1 
OBJ 14 43.4792 12.2678 -44.8563 -1.6 0 0 1 1 1 9.08668 5.39522 1.414 0.567917 0 0 0 1 
OBJ 14 229.71 11.8631 211.233 -1.6 0 0 1 1 1 9.3975 5.57977 1.414 0.587344 0 0 0 1 
OBJ 14 232.03 23.2112 49.2737 -1.6 0 0 1 1 1 13.4968 8.01371 1.414 0.843548 0 0 0 1 
OBJ 14 -190.067 19.8991 -20.6846 -1.6 0 0 1 1 1 11.536 6.84948 1.414 0.720998 0 0 0 1 
OBJ 14 80.1563 10.4164 -52.0066 -1.6 0 0 1 1 1 8.08234 4.79889 1.414 0.505146 0 0 0 1 
OBJ 15 234.548 13.7685 130.194 -1.6 0 0 1 1 1 13.3393 10.538 1.414 0.833704 0 0 0 1 
OBJ 15 -142.942 15.8935 12.4266 -1.6 0 0 1 1 1 9.70614 7.66785 1.414 0.606634 0 0 0 1 
OBJ 15 -30.6015 9.76966 80.837 -1.6 0 0 1 1 1 10.6806 8.43769 1.414 0.667539 0 0 0 1 
OBJ 15 86.1042 12.7566 33.9137 -1.6 0 0 1 1 1 15.7575 12.4484 1.414 0.984842 0 0 0 1 
OBJ 15 4.18517 17.8974 -19.9926 -1.6 0 0 1 1 1 15.0014 11.8511 1.414 0.937588 0 0 0 1 
OBJ 15 -168.839 15.2983 -73.5433 -1.6 0 0 1 1 1 10.8561 8.57629 1.414 0.678504 0 0 0 1 
OBJ 15 -100.395 22.7285 96.2363 -1.6 0 0 1 1 1 12.4279 9.81803 1.414 0.776743 0 0 0 1 
OBJ 15 -3.52737 11.1455 155.51 -1.6 0 0 1 1 1 13.3548 10.5503 1.414 0.834678 0 0 0 1 
OBJ 15 178.451 22.6872 232.75 -1.6 0 0 1 1 1 8.59416 6.78939 1.414 0.537135 0 0 0 1 
OBJ 15 -85.8156 10.7442 57.1205 -1.6 0 0 1 1 1 11.3389 8.95774 1.414 0.708682 0 0 0 1 
OBJ 19 73.8817 20.6187 88.5629 -1.6 0 0 1 1 1 16 0.5 1.414 1 0 0 0 1 
OBJ 19 -2.77747 20.3014 -0.781097 -1.6 0 0 1 1 1 16 0.5 1.414 1 0 0 0 1 
OBJ 19 112.101 13.7797 38.1026 -1.6 0 0 1 1 1 16 0.5 1.414 1 0 0 0 1 
OBJ 19 230.218 14.0698 -49.1595 -1.6 0 0 1 1 1 16 0.5 1.414 1 0 0 0 1 
OBJ 19 136.161 21.5285 52.259 -1.6 0 0 1 1 1 16 0.5 1.414 1 0 0 0 1 
OBJ 19 116.902 14.8787 205.896 -1.6 0 0 1 1 1 16 0.5 1.414 1 0 0 0 1 
OBJ 19 -66.2785 23.6602 177.485 -1.6 0 0 1 1 1 16 0.5 1.414 1 0 0 0 1 
OBJ 19 -167.648 13.6552 147.971 -1.6 0 0 1 1 1 16 0.5 1.414 1 0 0 0 1 
OBJ 19 112.518 15.8588 14.1258 -1.6 0 0 1 1 1 16 0.5 1.414 1 0 0 0 1 
OBJ 19 -147.361 16.9956 95.2849 -1.6 0 0 1 1 1 16 0.5 1.414 1 0 0 0 1 
OBJ 19 -106.727 15.3291 154.181 -1.6 0 0 1 1 1 16 0.5 1.414 1 0 0 0 1 
OBJ 19 203.977 20.6152 239.966 -1.6 0 0 1 1 1 16 0.5 1.414 1 0 0 0 1 
OBJ 19 111.95 14.2536 147.399 -1.6 0 0 1 1 1 16 0.5 1.414 1 0 0 0 1 
OBJ 19 177.195 23.8052 236.277 -1.6 0 0 1 1 1 16 0.5 1.414 1 0 0 0 1 
OBJ 19 144.102 20.6792 209.438 -1.6 0 0 1 1 1 16 0.5 1.414 1 0 0 0 1 
OBJ 19 70.2473 26.3598 166.975 -1.6 0 0 1 1 1 16 0.5 1.414 1 0 0 0 1 
OBJ 19 74.3338 13.3701 208.879 -1.6 0 0 1 1 1 16 0.5 1.414 1 0 0 0 1 
OBJ 19 -83.7074 16.4246 -149.798 -1.6 0 0 1 1 1 16 0.5 1.414 1 0 0 0 1 
OBJ 19 72.1118 17.8442 -176.332 -1.6 0 0 1 1 1 16 0.5 1.414 1 0 0 0 1 
OBJ 19 -166.733 24.7262 114.823 -1.6 0 0 1 1 1 16 0.5 1.414 1 0 0 0 1 
OBJ 20 37.5566 15.1962 -146.056 -1.6 0 0 1 1 1 16 0.5 1.414 1 0 0 0 1 
OBJ 20 29.2764 21.7971 168.801 -1.6 0 0 1 1 1 16 0.5 1.414 1 0 0 0 1 
OBJ 20 -46.6048 14.8198 -47.3577 -1.6 0 0 1 1 1 16 0.5 1.414 1 0 0 0 1 
OBJ 20 60.017 19.892 -175.051 -1.6 0 0 1 1 1 16 0.5 1.414 1 0 0 0 1 
OBJ 20 -199.087 15.179 188.391 -1.6 0 0 1 1 1 16 0.5 1.414 1 0 0 0 1 
OBJ 20 88.4422 28.5416 167.76 -1.6 0 0 1 1 1 16 0.5 1.414 1 0 0 0 1 
OBJ 20 54.3607 20.182 -199.154 -1.6 0 0 1 1 1 16 0.5 1.414 1 0 0 0 1 
OBJ 20 -69.5646 14.6714 -52.2614 -1.6 0 0 1 1 1 16 0.5 1.414 1 0 0 0 1 
OBJ 20 -77.2087 15.6602 -46.551 -1.6 0 0 1 1 1 16 0.5 1.414 1 0 0 0 1 
OBJ 20 -22.0277 11.8383 -139.049 -1.6 0 0 1 1 1 16 0.5 1.414 1 0 0 0 1 
OBJ 20 -108.868 16.9264 -182.814 -1.6 0 0 1 1 1 16 0.5 1.414 1 0 0 0 1 
OBJ 20 0.181107 20.8848 3.96396 -1.6 0 0 1 1 1 16 0.5 1.414 1 0 0 0 1 
OBJ 20 222.184 15.8176 6.75014 -1.6 0 0 1 1 1 16 0.5 1.414 1 0 0 0 1 
OBJ 20 -30.3321 13.9346 208.396 -1.6 0 0 1 1 1 16 0.5 1.414 1 0 0 0 1 
OBJ 20 151.536 13.4104 188.133 -1.6 0 0 1 1 1 16 0.5 1.414 1 0 0 0 1 
OBJ 20 152.075 18.8401 11.8532 -1.6 0 0 1 1 1 16 0.5 1.414 1 0 0 0 1 
OBJ 20 -63.9069 19.1092 -3.1675 -1.6 0 0 1 1 1 16 0.5 1.414 1 0 0 0 1 
OBJ 20 43.9497 11.0522 -57.6563 -1.6 0 0 1 1 1 16 0.5 1.414 1 0 0 0 1 
OBJ 20 -109.814 19.1092 203.672 -1.6 0 0 1 1 1 16 0.5 1.414 1 0 0 0 1 
OBJ 20 -38.2808 11.6418 -65.6971 -1.6 0 0 1 1 1 16 0.5 1.414 1 0 0 0 1 
OBJ 21 -171.165 20.0126 -17.7156 -1.6 0 0 1 1 1 16 0.5 1.414 1 0 0 0 1 
OBJ 21 173.986 13.5509 -10.9512 -1.6 0 0 1 1 1 16 0.5 1.414 1 0 0 0 1 
OBJ 21 -96.5145 18.5027 201.425 -1.6 0 0 1 1 1 16 0.5 1.414 1 0 0 0 1 
OBJ 21 24.515 25.9596 224.2 -1.6 0 0 1 1 1 16 0.5 1.414 1 0 0 0 1 
OBJ 21 15.8137 16.8436 61.3594 -1.6 0 0 1 1 1 16 0.5 1.414 1 0 0 0 1 
OBJ 21 -52.8739 25.925 188.576 -1.6 0 0 1 1 1 16 0.5 1.414 1 0 0 0 1 
OBJ 21 110.136 14.3649 20.0225 -1.6 0 0 1 1 1 16 0.5 1.414 1 0 0 0 1 
OBJ 21 -42.0147 18.4734 99.0005 -1.6 0 0 1 1 1 16 0.5 1.414 1 0 0 0 1 
OBJ 21 -138.229 18.8776 21.0584 -1.6 0 0 1 1 1 16 0.5 1.414 1 0 0 0 1 
OBJ 21 208.95 16.5312 216.067 -1.6 0 0 1 1 1 16 0.5 1.414 1 0 0 0 1 
OBJ 21 164.662 22.4676 -91.6655 -1.6 0 0 1 1 1 16 0.5 1.414 1 0 0 0 1 
OBJ 21 -142.651 14.3059 63.2857 -1.6 0 0 1 1 1 16 0.5 1.414 1 0 0 0 1 
OBJ 21 202.065 19.7344 230.484 -1.6 0 0 1 1 1 16 0.5 1.414 1 0 0 0 1 
OBJ 21 18.1227 11.637 147.787 -1.6 0 0 1 1 1 16 0.5 1.414 1 0 0 0 1 
OBJ 21 103.442 11.9189 141.823 -1.6 0 0 1 1 1 16 0.5 1.414 1 0 0 0 1 
OBJ 21 185.69 14.6464 14.5266 -1.6 0 0 1 1 1 16 0.5 1.414 1 0 0 0 1 
OBJ 21 -12.0332 18.574 198.103 -1.6 0 0 1 1 1 16 0.5 1.414 1 0 0 0 1 
OBJ 21 81.2671 11.9883 135.89 -1.6 0 0 1 1 1 16 0.5 1.414 1 0 0 0 1 
OBJ 21 -100.245 19.7474 -25.4848 -1.6 0 0 1 1 1 16 0.5 1.414 1 0 0 0 1 
OBJ 21 -162.313 25.744 52.4752 -1.6 0 0 1 1 1 16 0.5 1.414 1 0 0 0 1 
OBJ 22 231.311 11.2139 -161.308 -1.6 0 0 1 1 1 4 0.9 1.414 0.25 0 0 0 1 
OBJ 22 223.018 12.6478 -52.5983 -1.6 0 0 1 1 1 4 0.9 1.414 0.25 0 0 0 1 
OBJ 22 -19.2487 10.2115 -73.8401 -1.6 0 0 1 1 1 4 0.9 1.414 0.25 0 0 0 1 
OBJ 22 -190.486 18.2195 -15.8095 -1.6 0 0 1 1 1 4 0.9 1.414 0.25 0 0 0 1 
OBJ 22 90.4091 20.5659 224.914 -1.6 0 0 1 1 1 4 0.9 1.414 0.25 0 0 0 1 
OBJ 22 132.677 18.3662 28.2655 -1.6 0 0 1 1 1 4 0.9 1.414 0.25 0 0 0 1 
OBJ 22 -101.834 18.4629 115.27 -1.6 0 0 1 1 1 4 0.9 1.414 0.25 0 0 0 1 
OBJ 22 63.8937 11.6689 -138.008 -1.6 0 0 1 1 1 4 0.9 1.414 0.25 0 0 0 1 
OBJ 22 221.327 25.0024 119.682 -1.6 0 0 1 1 1 4 0.9 1.414 0.25 0 0 0 1 
OBJ 22 -151.337 21.5021 165.024 -1.6 0 0 1 1 1 4 0.9 1.414 0.25 0 0 0 1 
OBJ 22 -169.633 18.2839 211.67 -1.6 0 0 1 1 1 4 0.9 1.414 0.25 0 0 0 1 
OBJ 22 184.185 21.473 231.084 -1.6 0 0 1 1 1 4 0.9 1.414 0.25 0 0 0 1 
OBJ 22 -16.9397 18.3487 14.8607 -1.6 0 0 1 1 1 4 0.9 1.414 0.25 0 0 0 1 
OBJ 22 -115.597 17.4131 -194.776 -1.6 0 0 1 1 1 4 0.9 1.414 0.25 0 0 0 1 
OBJ 22 37.9613 12.2645 55.024 -1.6 0 0 1 1 1 4 0.9 1.414 0.25 0 0 0 1 
OBJ 22 -51.5934 15.239 149.125 -1.6 0 0 1 1 1 4 0.9 1.414 0.25 0 0 0 1 
OBJ 22 139.976 16.471 -62.2223 -1.6 0 0 1 1 1 4 0.9 1.414 0.25 0 0 0 1 
OBJ 22 149.516 21.2291 109.443 -1.6 0 0 1 1 1 4 0.9 1.414 0.25 0 0 0 1 
OBJ 22 -187.133 14.8166 16.1589 -1.6 0 0 1 1 1 4 0.9 1.414 0.25 0 0 0 1 
OBJ 22 142.366 11.8283 65.6891 -1.6 0 0 1 1 1 4 0.9 1.414 0.25 0 0 0 1 
OBJ 40 116.256 16.6588 -89.6304 0 0 0 1 1 1 7.58085 0.473803 1.414 0.473803 0 0 0 1 
OBJ 40 33.3611 25.1634 180.119 0 0 0 1 1 1 6.94658 0.434161 1.414 0.434161 0 0 0 1 
OBJ 40 -92.0822 19.442 -105.571 0 0 0 1 1 1 7.86494 0.491559 1.414 0.491559 0 0 0 1 
OBJ 40 92.0513 23.6182 105.422 0 0 0 1 1 1 6.21898 0.388686 1.414 0.388686 0 0 0 1 
OBJ 40 122.182 10.6517 71.4678 0 0 0 1 1 1 6.24657 0.390411 1.414 0.390411 0 0 0 1 
OBJ 40 93.8188 10.38 -107.47 0 0 0 1 1 1 6.2461 0.390382 1.414 0.390382 0 0 0 1 
OBJ 40 -106.591 15.3022 -191.863 0 0 0 1 1 1 7.41024 0.46314 1.414 0.46314 0 0 0 1 
OBJ 40 13.5335 18.4602 17.5178 0 0 0 1 1 1 6.99119 0.436949 1.414 0.436949 0 0 0 1 
OBJ 40 28.4629 13.6319 135.557 0 0 0 1 1 1 6.44222 0.402639 1.414 0.402639 0 0 0 1 
OBJ 40 -98.2325 10.0161 -73.795 0 0 0 1 1 1 7.17745 0.448591 1.414 0.448591 0 0 0 1 
OBJ 40 169.485 15.8353 17.617 0 0 0 1 1 1 6.32233 0.395146 1.414 0.395146 0 0 0 1 
OBJ 40 56.2038 18.9948 -23.0205 0 0 0 1 1 1 5.49118 0.343199 1.414 0.343199 0 0 0 1 
OBJ 40 -102.166 16.8578 -177.446 0 0 0 1 1 1 6.38856 0.399285 1.414 0.399285 0 0 0 1 
OBJ 40 -22.027 11.5582 -128.094 0 0 0 1 1 1 6.81223 0.425765 1.414 0.425765 0 0 0 1 
OBJ 40 72.6189 21.2119 -14.7482 0 0 0 1 1 1 5.42764 0.339227 1.414 0.339227 0 0 0 1 
OBJ 40 6.21956 11.0975 -147.723 0 0 0 1 1 1 7.53367 0.470855 1.414 0.470855 0 0 0 1 
OBJ 40 138.817 9.80564 -174.899 0 0 0 1 1 1 7.36713 0.460446 1.414 0.460446 0 0 0 1 
OBJ 40 -171.994 11.4204 144.19 0 0 0 1 1 1 5.7062 0.356637 1.414 0.356637 0 0 0 1 
OBJ 40 23.8754 19.8278 33.5283 0 0 0 1 1 1 5.59904 0.34994 1.414 0.34994 0 0 0 1 
OBJ 40 104.876 17.9226 47.5538 0 0 0 1 1 1 7.97664 0.49854 1.414 0.49854 0 0 0 1 
OBJ 40 -55.6278 21.3967 103.394 0 0 0 1 1 1 7.83675 0.489797 1.414 0.489797 0 0 0 1 
OBJ 40 50.1219 17.8399 -161.925 0 0 0 1 1 1 6.06604 0.379127 1.414 0.379127 0 0 0 1 
OBJ 40 -0.835617 13.7013 75.6514 0 0 0 1 1 1 5.62575 0.351609 1.414 0.351609 0 0 0 1 
OBJ 40 230.217 11.7954 -57.1934 0 0 0 1 1 1 7.63629 0.477268 1.414 0.477268 0 0 0 1 
OBJ 40 128.284 20.2061 103.368 0 0 0 1 1 1 7.92488 0.495305 1.414 0.495305 0 0 0 1 
OBJ 40 7.73756 14.7862 -154.754 0 0 0 1 1 1 5.70286 0.356429 1.414 0.356429 0 0 0 1 
OBJ 40 236.625 11.0175 -168.433 0 0 0 1 1 1 7.28417 0.455261 1.414 0.455261 0 0 0 1 
OBJ 40 -58.6558 17.2328 -187.262 0 0 0 1 1 1 6.5768 0.41105 1.414 0.41105 0 0 0 1 
OBJ 40 -165.256 22.2899 -143.866 0 0 0 1 1 1 5.46691 0.341682 1.414 0.341682 0 0 0 1 
OBJ 40 129.608 18.9532 -76.4347 0 0 0 1 1 1 7.72583 0.482864 1.414 0.482864 0 0 0 1 

COM Light: <LGT pos.x pos.y pos.z amb.x amb.y amb.z dif.x dif.y dif.z spec.x spec.y spec.z constant linear quadratic>
LGT 0 0 -6.919 0 0 0.05 0.05 1 1 1 0.4 0.4 0.4 1 0.09 

COM Sun: <SUN scl pos.x pos.y pos.z col.r col.g col.b dir.x dir.y dir.z amb.x amb.y amb.z dif.x dif.y dif.z spec.x spec.y spec.z>
SUN 75 299.472 48.302 417.185 6.25 0.938 0.1 0.686275 0.161476 0.161476 0.8 0.6 0.6 0.5 0.3 0.3 

COM Emitter: <PAR path partAmt pos.x pos.y pos.z rad1 rad2 height vel.x vel.y vel.z life grav startCol.x startCol.y startCol.z startCol.a endCol.x endCol.y endCol.z endCol.a startScl endScl Bugmode Fogmode>
PAR ../resources/models/particle/part.png 20000 0 13.1963 0 0.2 3 7 9 0 9 1.74552 -0.61 1 0.852471 0.544 1 0.730392 0.467173 0.315071 1 14 8 0 1 
PAR ../resources/models/particle/part.png 5000 0 1.2836 0 150 0.5 0 0 1 17.717 10 -0.24 1 0.876874 0.401961 0.7 1 0.4 0 0.9 0.192 0 1 0 
PAR ../resources/models/particle/part.png 10000 0 50 0 500 3 7 0 0 0 8.424 0 1 1 1 1 1 1 1 1 0.424 0 0 0 

COM Fog: <FOG max min col.x col.y col.z col.a>
FOG 667 75.905 0.7 0.411 0.244 0.8

COM Terrain: <TER path yScale yShift amb.x amb.y amb.z dif.x dif.y dif.z spec.x spec.y spec.z shine>
TER ../resources/heightmaps/dunes2.png 100.613 15.951 0.860587 0.897059 0.277033 0.962281 0.985294 0.202855 0.955882 0.67383 0.178057 

COM Skybox: <SKY dir>
SKY ../resources/skyboxes/sunsky2/

COM Boundary: <BND col.r, col.g, col.b>
BND 0.965686 0.681661 0.321895 -11.062 256.637 25 
