COM Level saved by the Experience Level Loader
COM By Brett Hickman, Lucas Li, and Alex Hartford
COM Spring 2022


COM Next Level: <NXT path>
NXT ../levels/level2.txt

COM Camera Setup: <POV pos.x pos.y pos.z dir.x dir.y dir.z>
POV -10.7816 23.6316 35.3751 0 0 1 

COM Object: <OBJ id pos.x pos.y pos.z angleX angleY angleZ vel.x vel.y vel.z rad_h rad_w scale>
OBJ 20 -54.9365 -0.875 -17.0033 -1.6 0 0 1 1 1 1 1 1
OBJ 9 -30.3929 3.012 47.2447 -1.6 0 0 1 1 1 1 3.3801 1.779
OBJ 9 64.5717 0 16.7116 -1.6 0 0 1 1 1 1 1 0.356619
OBJ 9 74.2271 0 -64.2811 -1.6 0 0 1 1 1 1 1 1.14311
OBJ 9 -58.8872 0 82.9158 -1.6 0 0 1 1 1 1 1 1.40673
OBJ 9 106.205 0 -64.1455 -1.6 0 0 1 1 1 1 1 0.184978
OBJ 9 35.8904 0 -10.7172 -1.6 0 0 1 1 1 1 1 1.20348
OBJ 9 36.943 0 80.6648 -1.6 0 0 1 1 1 1 1 1.45985
OBJ 9 -67.2566 0 -2.04331 -1.6 0 0 1 1 1 1 1 0.668454
OBJ 9 76.9535 0 -2.627 -1.6 0 0 1 1 1 1 1 1.2815
OBJ 9 72.8469 0 57.4793 -1.6 0 0 1 1 1 1 1 1.05734
OBJ 10 -79.9204 0 117.063 -1.6 0 0 1 1 1 1 1 0.925194
OBJ 10 7.50385 0 77.1119 -1.6 0 0 1 1 1 1 1 0.816427
OBJ 10 73.8013 0 37.988 -1.6 0 0 1 1 1 1 1 0.982957
OBJ 10 54.2384 0 -75.2909 -1.6 0 0 1 1 1 1 1 0.998045
OBJ 10 67.7605 0 -68.7365 -1.6 0 0 1 1 1 1 1 0.583891
OBJ 10 -33.6382 0 63.6015 -1.6 0 0 1 1 1 1 1 0.619427
OBJ 10 3.98293 0 81.1709 -1.6 0 0 1 1 1 1 1 0.945394
OBJ 10 81.1657 0 -47.8731 -1.6 0 0 1 1 1 1 1 0.390599
OBJ 10 17.891 0 -25.3387 -1.6 0 0 1 1 1 1 1 1.17838
OBJ 10 -28.1697 0 12.4975 -1.6 0 0 1 1 1 1 1 0.451936
OBJ 11 74.0598 0 -17.4753 -1.6 0 0 1 1 1 1 1 0.766162
OBJ 11 28.9019 0 13.5948 -1.6 0 0 1 1 1 1 1 0.194896
OBJ 11 64.6501 0 13.7432 -1.6 0 0 1 1 1 1 1 0.697445
OBJ 11 40.1331 0 16.1642 -1.6 0 0 1 1 1 1 1 0.62022
OBJ 11 -22.365 0 112.09 -1.6 0 0 1 1 1 1 1 1.11408
OBJ 11 108.465 0 71.4842 -1.6 0 0 1 1 1 1 1 0.922383
OBJ 11 118.223 0 -42.0184 -1.6 0 0 1 1 1 1 1 0.792369
OBJ 11 -49.6116 0 -2.19046 -1.6 0 0 1 1 1 1 1 0.306534
OBJ 11 33.5266 0 82.1061 -1.6 0 0 1 1 1 1 1 0.113621
OBJ 11 -80.533 0 -57.7865 -1.6 0 0 1 1 1 1 1 1.38466
OBJ 12 35.7471 0 1.83106 -1.6 0 0 1 1 1 1 1 0.646196
OBJ 12 -8.54941 0 -9.86682 -1.6 0 0 1 1 1 1 1 1.14726
OBJ 12 52.2848 0 89.8838 -1.6 0 0 1 1 1 1 1 0.386716
OBJ 12 -95.236 0 108.059 -1.6 0 0 1 1 1 1 1 1.09508
OBJ 12 116.516 0 85.3434 -1.6 0 0 1 1 1 1 1 0.588337
OBJ 12 -72.6532 0 -62.2865 -1.6 0 0 1 1 1 1 1 0.207659
OBJ 12 65.8413 0 15.3026 -1.6 0 0 1 1 1 1 1 0.887202
OBJ 12 76.7166 0 -23.9549 -1.6 0 0 1 1 1 1 1 0.750989
OBJ 12 26.8817 0 -60.143 -1.6 0 0 1 1 1 1 1 1.33613
OBJ 12 95.5553 0 17.1276 -1.6 0 0 1 1 1 1 1 0.0247836
OBJ 13 52.2955 0 50.2597 -1.6 0 0 1 1 1 1 1 0.234745
OBJ 13 -48.2543 0 -70.6209 -1.6 0 0 1 1 1 1 1 0.638765
OBJ 13 -67.3248 0 -47.9778 -1.6 0 0 1 1 1 1 1 0.389946
OBJ 13 -98.635 -12.047 79.059 -1.441 0.48 0 1 1 1 1 14 5
OBJ 13 78.8517 0 -0.172516 -1.6 0 0 1 1 1 1 1 0.54865
OBJ 13 -2.28819 0 62.3409 -1.6 0 0 1 1 1 1 1 0.165202
OBJ 13 -91.4811 0 77.043 -1.6 0 0 1 1 1 1 1 0.425333
OBJ 13 58.3058 0 85.1839 -1.6 0 0 1 1 1 1 1 0.314442
OBJ 13 -51.7232 0 -72.1814 -1.6 0 0 1 1 1 1 1 0.322855
OBJ 13 4.97593 0 50.4869 -1.6 0 0 1 1 1 1 1 0.777701
OBJ 14 92.5435 0 -1.73334 -1.6 0 0 1 1 1 1 1 0.189902
OBJ 14 74.107 0 115.965 -1.6 0 0 1 1 1 1 1 1.13146
OBJ 14 38.7081 0 47.4293 -1.6 0 0 1 1 1 1 1 1.39241
OBJ 14 14.5437 0 35.7529 -1.6 0 0 1 1 1 1 1 1.35569
OBJ 14 -98.5247 0 55.8318 -1.6 0 0 1 1 1 1 1 1.26124
OBJ 14 77.2018 0 -8.73459 -1.6 0 0 1 1 1 1 1 0.394045
OBJ 14 -69.5895 0 -51.0354 -1.6 0 0 1 1 1 1 1 1.01114
OBJ 14 3.4206 0 90.0214 -1.6 0 0 1 1 1 1 1 1.15221
OBJ 14 -74.5267 0 -89.9023 -1.6 0 0 1 1 1 1 1 0.631376
OBJ 14 -22.4633 0 -0.067421 -1.6 0 0 1 1 1 1 1 0.592552
OBJ 15 -29.365 -5.271 -30.871 -1.6 0 -1.016 1 1 1 1 38.313 2.838
OBJ 15 -99.0705 0 -98.4813 -1.6 0 0 1 1 1 1 1 0.0283443
OBJ 15 65.506 0 78.306 -1.515 0.018 0.961 1 1 1 1 14.499 1.074
OBJ 15 101.063 0 -38.3988 -1.6 0 0 1 1 1 1 1 0.0738525
OBJ 15 8.41916 -7.529 60.8171 -1.423 0 -0.48 1 1 1 1 15.093 1.118
OBJ 3 82.452 0 10.5209 -1.6 0 0 1 1 1 1 1 0.440883
OBJ 3 108.048 0 102.622 -1.6 0 0 1 1 1 1 1 0.595279
OBJ 3 6.58943 3.765 108.622 -1.6 0 0 1 1 1 1 1.7304 0.618
OBJ 3 106.238 1.506 45.176 -1.645 0.24 3.142 1 1 1 1 1.9768 0.706
OBJ 3 -56.525 -0.753 -36.4266 -1.6 0 0 1 1 1 1 2.058 0.735
OBJ 3 40.3835 0 45.8528 -1.6 0 0 1 1 1 1 1 0.738687
OBJ 3 7.33249 3.012 57.1084 -1.6 0 0 1 1 1 1 1 0.545593
OBJ 3 -57.9063 0 69.3349 -1.6 0 0 1 1 1 1 1 0.619604
OBJ 4 0.726425 0 -90.9458 -1.6 0 0 1 1 1 1 1 1.0474
OBJ 4 58.9926 0 -31.6798 -1.6 0 0 1 1 1 1 1 0.529211
OBJ 4 40.3587 0 69.2079 -1.6 0 0 1 1 1 1 1 1.07311
OBJ 4 87.6647 0 60.78 -1.6 0 0 1 1 1 1 1 1.29172
OBJ 4 -32.6692 0 68.0378 -1.6 0 0 1 1 1 1 1 0.482717
OBJ 4 51.4608 0 100.939 -1.6 0 0 1 1 1 1 1 1.22003
OBJ 4 -90.0336 0 -15.3501 -1.6 0 0 1 1 1 1 1 1.30472
OBJ 4 113.251 0 -12.3602 -1.6 0 0 1 1 1 1 1 0.423825
OBJ 4 79.4097 0 -81.7123 -1.6 0 0 1 1 1 1 1 0.145632
OBJ 4 67.629 0 -78.8061 -1.6 0 0 1 1 1 1 1 0.172734
OBJ 19 -7.12003 0 33.608 -1.6 0 0 1 1 1 1 20 0.0635307
OBJ 19 84.8578 0 -35.0949 -1.6 0 0 1 1 1 1 20 0.685477
OBJ 19 19.4329 0.753 -71.4949 -1.6 0.018 0.499 1 1 1 1 2.309 2.309
OBJ 19 -84.8179 0 84.8895 -1.6 0 0 1 1 1 1 20 1.07393
OBJ 19 -90.982 0 106.182 -1.6 0 0 1 1 1 1 20 0.562315
OBJ 19 21.7312 0 57.1056 -1.6 0 0 1 1 1 1 20 0.227311
OBJ 19 106.541 0 75.6059 -1.6 0 0 1 1 1 1 20 0.736039
OBJ 19 -84.0485 0 36.333 -1.6 0 0 1 1 1 1 20 0.336944
OBJ 19 -24.6522 0 -50.1939 -1.6 0 0 1 1 1 1 20 1.43852
OBJ 19 -71.4727 0 -22.4616 -1.6 0 0 1 1 1 1 20 0.874416
OBJ 20 17.4714 0 -38.6269 -1.6 0 0 1 1 1 1 20 0.944259
OBJ 20 -77.1315 0 -88.8716 -1.6 0 0 1 1 1 1 20 0.235033
OBJ 20 1.57716 0 -92.6039 -1.6 0 0 1 1 1 1 20 0.0473651
OBJ 20 56.3233 0 -14.084 -1.6 0 0 1 1 1 1 20 0.889618
OBJ 20 92.7869 0 -89.8262 -1.6 0 0 1 1 1 1 20 0.347466
OBJ 20 -46.9942 0 -11.1796 -1.6 0 0 1 1 1 1 20 0.718098
OBJ 20 -89.2864 0 3.56974 -1.6 0 0 1 1 1 1 20 0.38589
OBJ 20 69.4279 0 14.6134 -1.6 0 0 1 1 1 1 20 1.41825
OBJ 20 -91.3831 0 -36.3261 -1.6 0 0 1 1 1 1 20 0.592416
OBJ 20 81.4143 3.012 -50.234 -1.6 0 1.534 1 1 1 1 20 1.34248
OBJ 21 -81.1655 0 91.1378 -1.6 0 0 1 1 1 1 20 0.0844434
OBJ 21 -64.6869 0 66.6547 -1.6 0 0 1 1 1 1 20 0.993387
OBJ 21 24.8046 0 11.6937 -1.6 0 0 1 1 1 1 20 1.33189
OBJ 21 -12.357 0 15.2699 -1.6 0 0 1 1 1 1 20 0.147861
OBJ 21 60.4436 0 -64.7104 -1.6 0 0 1 1 1 1 20 1.45108
OBJ 21 96.3364 0 -54.6046 -1.6 0 0 1 1 1 1 20 0.00656021
OBJ 21 11.0883 0 41.8404 -1.6 0 0 1 1 1 1 20 1.44276
OBJ 21 52.4643 0 28.2788 -1.6 0 0 1 1 1 1 20 1.37944
OBJ 21 -66.1856 0 -41.4275 -1.6 0 0 1 1 1 1 20 1.00764
OBJ 21 -35.9887 0 -62.2256 -1.6 0 0 1 1 1 1 20 1.18471

COM Light: <LGT pos.x pos.y pos.z amb.x amb.y amb.z dif.x dif.y dif.z spec.x spec.y spec.z constant linear quadratic>
LGT 0 0 -6.919 0 0 0.05 0.05 1 1 1 0.4 0.4 0.4 1 0.09 

COM DirLight: <DIR dir.x dir.y dir.z amb.x amb.y amb.z dif.x dif.y dif.z spec.x spec.y spec.z>
DIR 0.137 -0.034 -1 0.373 0.216 0.173 0.863 0.784 1 0 0 0 

COM Emitter: <PAR path partAmt pos.x pos.y pos.z rad1 rad2 height vel.x vel.y vel.z life grav startCol.x startCol.y startCol.z startCol.a endCol.x endCol.y endCol.z endCol.a startScl endScl Bugmode Fogmode>
PAR ../resources/models/particle/part.png 20000 0 -4.35416 0 0.2 3 7 9 0 9 2.2981 -0.81 1 0.733 0.544 1 0.7 0.411 0.244 1 14 8 0 1 

COM Fog: <FOG max min col.x col.y col.z col.a>
FOG 293.125 147.619 1 0.737 0.526 1

COM Terrain: <TER path yScale amb.x amb.y amb.z dif.x dif.y dif.z spec.x spec.y spec.z shine>
TER ../resources/heightmaps/dunes.png 16 0.717 0.735 0.295 1 1 0.558 0.814 0.535 0.341 

COM Skybox: <SKY dir>
SKY ../resources/skyboxes/sunsky/
