COM <type id pos.x pos.z angleX angleY angleZ vel.x vel.y vel.z rad_h rad_w scale>
OBJ 0 -3.354 -1.118 -1.44 0.041 -0.014 1 1 1 1 20 1
OBJ 0 62.6187 32.8685 -1.6 0 0 1 1 1 1 20 0.912962
OBJ 0 -13.1571 68.7251 -1.6 0 0 1 1 1 1 20 1.22197
OBJ 0 43.5556 39.5449 -1.6 0 0 1 1 1 1 20 0.989144
OBJ 0 -94.5421 30.8565 -1.6 0 0 1 1 1 1 20 0.782882
OBJ 0 86.3959 56.2707 -1.6 0 0 1 1 1 1 20 0.317357
OBJ 0 75.2733 -81.4521 -1.6 0 0 1 1 1 1 20 1.01317
OBJ 0 -49.8025 -30.5061 -1.6 0 0 1 1 1 1 20 1.37567
OBJ 0 91.4678 98.9168 -1.6 0 0 1 1 1 1 20 1.46102
OBJ 0 -58.0526 -90.6284 -1.6 0 0 1 1 1 1 20 0.813436
OBJ 0 -44.0115 97.9434 -1.6 0 0 1 1 1 1 20 0.255197
OBJ 1 -21.2643 11.5721 -1.6 0 0 1 1 1 1 20 1.4456
OBJ 1 -11.8235 81.8266 -1.6 0 0 1 1 1 1 20 1.19886
OBJ 1 76.0205 76.7964 -1.6 0 0 1 1 1 1 20 0.127621
OBJ 1 90.55 73.4592 -1.6 0 0 1 1 1 1 20 0.963741
OBJ 1 -21.644 28.8158 -1.6 0 0 1 1 1 1 20 0.0548636
OBJ 1 45.6869 59.9871 -1.6 0 0 1 1 1 1 20 0.7741
OBJ 1 6.40657 75.2657 -1.6 0 0 1 1 1 1 20 0.686233
OBJ 1 -96.748 -44.3609 -1.6 0 0 1 1 1 1 20 0.950342
OBJ 1 -46.8022 -4.37939 -1.6 0 0 1 1 1 1 20 0.715763
OBJ 1 76.5345 -84.1864 -1.6 0 0 1 1 1 1 20 1.34082
OBJ 2 -10.867 -41.6291 -1.6 0 0 1 1 1 1 20 0.291755
OBJ 2 -95.7872 -96.0629 -1.6 0 0 1 1 1 1 20 1.27885
OBJ 2 -77.895 18.9008 -1.6 0 0 1 1 1 1 20 1.24139
OBJ 2 -30.2983 -24.2944 -1.6 0 0 1 1 1 1 20 1.3747
OBJ 2 -94.2133 -43.3308 -1.6 0 0 1 1 1 1 20 0.289691
OBJ 2 77.4949 57.1054 -1.6 0 0 1 1 1 1 20 0.524621
OBJ 2 -59.8442 -1.94706 -1.6 0 0 1 1 1 1 20 1.31815
OBJ 2 -14.8837 49.4886 -1.6 0 0 1 1 1 1 20 0.41502
OBJ 2 -67.3838 80.1187 -1.6 0 0 1 1 1 1 20 0.406376
OBJ 2 -38.5525 48.696 -1.6 0 0 1 1 1 1 20 1.00332
OBJ 3 64.9818 -51.7918 -1.6 0 0 1 1 1 1 20 0.269487
OBJ 3 1.49326 97.1979 -1.6 0 0 1 1 1 1 20 0.786161
OBJ 3 33.5409 -77.4297 -1.6 0 0 1 1 1 1 20 1.04565
OBJ 3 -57.6812 -47.5211 -1.6 0 0 1 1 1 1 20 0.093903
OBJ 3 -69.5281 42.0189 -1.6 0 0 1 1 1 1 20 0.838031
OBJ 3 72.0043 -22.8022 -1.6 0 0 1 1 1 1 20 0.476818
OBJ 3 17.9866 -99.5728 -1.6 0 0 1 1 1 1 20 1.35499
OBJ 3 -52.9147 62.9348 -1.6 0 0 1 1 1 1 20 0.336745
OBJ 3 -77.6364 -34.7971 -1.6 0 0 1 1 1 1 20 0.495121
OBJ 3 33.8137 -93.112 -1.6 0 0 1 1 1 1 20 1.25348
OBJ 4 75.4895 -48.5266 -1.6 0 0 1 1 1 1 20 0.851871
OBJ 4 86.9493 -42.3085 -1.6 0 0 1 1 1 1 20 0.153482
OBJ 4 43.7531 -41.8647 -1.6 0 0 1 1 1 1 20 0.594535
OBJ 4 12.2912 -21.3845 -1.6 0 0 1 1 1 1 20 0.684067
OBJ 4 49.5052 34.3414 -1.6 0 0 1 1 1 1 20 0.568806
OBJ 4 -43.5083 -43.8036 -1.6 0 0 1 1 1 1 20 0.703507
OBJ 4 12.3131 -53.8832 -1.6 0 0 1 1 1 1 20 0.636145
OBJ 4 57.4985 -23.1439 -1.6 0 0 1 1 1 1 20 0.903409
OBJ 4 -20.7877 20.8311 -1.6 0 0 1 1 1 1 20 0.0640348
OBJ 4 -2.21732 -66.5071 -1.6 0 0 1 1 1 1 20 0.863787
OBJ 5 -11.8016 50.4204 -1.6 0 0 1 1 1 1 20 0.871006
OBJ 5 -33.4833 46.8695 -1.6 0 0 1 1 1 1 20 0.269522
OBJ 5 79.973 -94.4777 -1.6 0 0 1 1 1 1 20 0.0956269
OBJ 5 -6.39619 99.3202 -1.6 0 0 1 1 1 1 20 1.30918
OBJ 5 86.9124 -63.6863 -1.6 0 0 1 1 1 1 20 0.938697
OBJ 5 56.9553 47.4511 -1.6 0 0 1 1 1 1 20 0.0851253
OBJ 5 60.109 52.4933 -1.6 0 0 1 1 1 1 20 1.16601
OBJ 5 39.6453 -82.009 -1.6 0 0 1 1 1 1 20 1.31248
OBJ 5 85.8648 -69.8443 -1.6 0 0 1 1 1 1 20 0.204426
OBJ 5 4.41408 -12.6131 -1.6 0 0 1 1 1 1 20 0.83258
OBJ 6 56.925 -62.1018 -1.6 0 0 1 1 1 1 20 1.15702
OBJ 6 -86.7242 26.6242 -1.6 0 0 1 1 1 1 20 1.29291
OBJ 6 20.1092 -25.2458 -1.6 0 0 1 1 1 1 20 1.45578
OBJ 6 -1.08926 92.8411 -1.6 0 0 1 1 1 1 20 0.605979
OBJ 6 58.7946 -39.5955 -1.6 0 0 1 1 1 1 20 0.132721
OBJ 6 -80.4402 41.4706 -1.6 0 0 1 1 1 1 20 0.728181
OBJ 6 -94.0735 -92.8327 -1.6 0 0 1 1 1 1 20 0.460958
OBJ 6 77.2729 -73.584 -1.6 0 0 1 1 1 1 20 1.30516
OBJ 6 83.9612 -64.1326 -1.6 0 0 1 1 1 1 20 0.176169
OBJ 6 82.259 -72.2577 -1.6 0 0 1 1 1 1 20 0.482774
OBJ 7 -36.7108 1.09579 -1.6 0 0 1 1 1 1 20 0.876611
OBJ 7 -73.6226 25.5805 -1.6 0 0 1 1 1 1 20 0.232388
OBJ 7 65.8655 0.648857 -1.6 0 0 1 1 1 1 20 0.0392313
OBJ 7 14.6938 -42.0353 -1.6 0 0 1 1 1 1 20 0.100174
OBJ 7 -15.7356 -67.5031 -1.6 0 0 1 1 1 1 20 1.31513
OBJ 7 13.139 26.7775 -1.6 0 0 1 1 1 1 20 1.11722
OBJ 7 -77.5842 43.2324 -1.6 0 0 1 1 1 1 20 0.797363
OBJ 7 -62.9367 23.0783 -1.6 0 0 1 1 1 1 20 1.33217
OBJ 7 0.0607452 21.104 -1.6 0 0 1 1 1 1 20 1.46818
OBJ 7 -0.294807 45.117 -1.6 0 0 1 1 1 1 20 1.36226
OBJ 8 39.3525 -3.03588 -1.6 0 0 1 1 1 1 20 0.569628
OBJ 8 -1.71942 -98.2745 -1.6 0 0 1 1 1 1 20 0.00749609
OBJ 8 98.2388 99.4177 -1.6 0 0 1 1 1 1 20 0.0966666
OBJ 8 -76.5142 25.3144 -1.6 0 0 1 1 1 1 20 1.19097
OBJ 8 -19.9545 24.9293 -1.6 0 0 1 1 1 1 20 0.650073
OBJ 8 69.8417 29.7499 -1.6 0 0 1 1 1 1 20 0.794254
OBJ 8 -29.6638 40.3546 -1.6 0 0 1 1 1 1 20 1.0465
OBJ 8 31.7077 -89.1646 -1.6 0 0 1 1 1 1 20 0.834664
OBJ 8 -73.5 85.6577 -1.6 0 0 1 1 1 1 20 1.12184
OBJ 8 63.3475 80.8641 -1.6 0 0 1 1 1 1 20 1.36993
