COM Object: <OBJ id pos.x pos.y pos.z angleX angleY angleZ vel.x vel.y vel.z rad_h rad_w scale>
OBJ 0 -2.471 0 0 -1.6 0 0 1 1 1 1 1 1
OBJ 0 4.448 0 0 -1.6 0 0 1 1 1 1 1 1
OBJ 0 1.483 -0.494 4.448 -1.6 0 0 1 1 1 1 1 1
OBJ 0 0.698212 0 -65.1725 -1.6 0 0 1 1 1 1 20 1.09908
OBJ 4 -90.2164 0 -67.243 -1.6 0 0 1 1 1 1 20 1.09541
OBJ 4 48.4601 0 68.2841 -1.6 0 0 1 1 1 1 20 1.13443
OBJ 4 74.5004 0 -72.3219 -1.6 0 0 1 1 1 1 20 1.39674
OBJ 16 34.2338 0 -31.9018 0 0 0 1 1 1 1 20 0.05
OBJ 16 26.6486 0 83.2705 0 0 0 1 1 1 1 20 0.05
OBJ 16 -72.3209 0 -96.9516 0 0 0 1 1 1 1 20 0.05
OBJ 16 -65.7005 0 -27.6786 0 0 0 1 1 1 1 20 0.05
OBJ 18 0.632683 0 33.4367 0 0 0 1 1 1 1 20 0.05
OBJ 18 -29.6129 0 96.3356 0 0 0 1 1 1 1 20 0.05
OBJ 18 -88.4248 0 43.6436 0 0 0 1 1 1 1 20 0.05
OBJ 18 -82.1259 0 -90.0816 0 0 0 1 1 1 1 20 0.05
OBJ 18 -0.748428 0 21.1956 0 0 0 1 1 1 1 20 0.05
OBJ 18 34.0728 0 62.2688 0 0 0 1 1 1 1 20 0.05
OBJ 18 -48.5368 0 41.7753 0 0 0 1 1 1 1 20 0.05
OBJ 18 -83.1911 0 7.41651 0 0 0 1 1 1 1 20 0.05
OBJ 18 49.3083 0 -75.7495 0 0 0 1 1 1 1 20 0.05

COM Light: <LGT id pos.x pos.y pos.z amb.x amb.y amb.z dif.x dif.y dif.z spec.x spec.y spec.z constant linear quadratic>
LGT 0 0 -6.919 0 0.05 0.05 0.05 1 1 1 0.4 0.4 0.4 1 0.09 0.032 

COM DirLight: <DIR id dir.x dir.y dir.z amb.x amb.y amb.z dif.x dif.y dif.z spec.x spec.y spec.z>
DIR 0.203 -0.034 -0.183 0.076 0.076 0.067 0.78 0.754 0.7 0.059 0.11 0.142 
