
COM Object: <OBJ id pos.x pos.y pos.z angleX angleY angleZ vel.x vel.y vel.z rad_h rad_w scale>
OBJ 8 -12.355 -9.5 -0.417 -1.6 0 0 1 1 1 1 20 0.841422
OBJ 0 0 0 0 -1.6 0 0 1 1 1 1 20 1
OBJ 0 -1.82161 0 -15.8072 -1.6 0 0 1 1 1 1 20 0.212382
OBJ 0 -32.525 -13 25.18 -1.6 0 0 1 1 1 1 20 5
OBJ 0 -77.1662 0 67.8809 -1.6 0 0 1 1 1 1 20 1.30426
OBJ 0 59.0212 0 -30.6722 -1.6 0 0 1 1 1 1 20 1.43746
OBJ 0 -42.3239 0 62.1049 -1.6 0 0 1 1 1 1 20 0.729102
OBJ 0 -31.3979 0 96.3063 -1.6 0 0 1 1 1 1 20 0.899326
OBJ 0 29.332 0 -17.4347 -1.6 0 0 1 1 1 1 20 0.560931
OBJ 0 -91.0302 0 54.7758 -1.6 0 0 1 1 1 1 20 0.870082
OBJ 0 94.5716 0 64.3743 -1.6 0 0 1 1 1 1 20 0.289077
OBJ 0 -97.3023 0 39.857 -1.6 0 0 1 1 1 1 20 1.32541
OBJ 1 48.9518 0 -66.9588 -1.6 0 0 1 1 1 1 20 0.925295
OBJ 1 24.3339 0 -20.1788 -1.6 0 0 1 1 1 1 20 1.15676
OBJ 1 -77.8092 0 61.4822 -1.6 0 0 1 1 1 1 20 0.236625
OBJ 1 -39.3743 0 35.7021 -1.6 0 0 1 1 1 1 20 1.09011
OBJ 1 -36.3199 0 -29.1274 -1.6 0 0 1 1 1 1 20 1.16704
OBJ 1 -35.2328 0 42.7025 -1.6 0 0 1 1 1 1 20 0.000592605
OBJ 1 27.9877 0 -10.2625 -1.6 0 0 1 1 1 1 20 0.133473
OBJ 1 4.76492 0 84.1648 -1.6 0 0 1 1 1 1 20 0.431154
OBJ 1 86.9328 0 79.7959 -1.6 0 0 1 1 1 1 20 0.219735
OBJ 1 -87.7853 0 -7.28903 -1.6 0 0 1 1 1 1 20 1.44984
OBJ 2 97.0868 0 -62.7992 -1.6 0 0 1 1 1 1 20 0.257912
OBJ 2 64.4453 0 -67.1305 -1.6 0 0 1 1 1 1 20 0.281056
OBJ 2 -72.2811 0 -28.9272 -1.6 0 0 1 1 1 1 20 0.908469
OBJ 2 -82.0394 0 -36.4681 -1.6 0 0 1 1 1 1 20 1.35712
OBJ 2 -86.6182 0 7.29536 -1.6 0 0 1 1 1 1 20 0.847662
OBJ 2 54.2256 0 -29.9303 -1.6 0 0 1 1 1 1 20 0.461206
OBJ 2 30.9025 0 -21.9885 -1.6 0 0 1 1 1 1 20 1.04181
OBJ 2 -64.3567 0 -42.5253 -1.6 0 0 1 1 1 1 20 1.33028
OBJ 2 -28.6346 0 -61.0512 -1.6 0 0 1 1 1 1 20 0.0961671
OBJ 2 4.05513 0 -45.4447 -1.6 0 0 1 1 1 1 20 0.837189
OBJ 3 -16.0039 0 22.1071 -1.6 0 0 1 1 1 1 20 0.401899
OBJ 3 -72.1582 0 36.9291 -1.6 0 0 1 1 1 1 20 1.25419
OBJ 3 54.4125 0 -88.9954 -1.6 0 0 1 1 1 1 20 1.15278
OBJ 3 -0.835892 0 -48.7641 -1.6 0 0 1 1 1 1 20 0.919132
OBJ 3 12.8067 0 41.5751 -1.6 0 0 1 1 1 1 20 0.400278
OBJ 3 95.8899 0 21.7366 -1.6 0 0 1 1 1 1 20 0.208316
OBJ 3 -77.7087 0 -49.7924 -1.6 0 0 1 1 1 1 20 0.299559
OBJ 3 -7.70408 0 -82.4623 -1.6 0 0 1 1 1 1 20 1.1751
OBJ 3 19.359 0 -33.5173 -1.6 0 0 1 1 1 1 20 1.31438
OBJ 3 -68.4191 0 80.6926 -1.6 0 0 1 1 1 1 20 0.754852
OBJ 4 72.371 0 -59.8635 -1.6 0 0 1 1 1 1 20 1.30094
OBJ 4 24.9127 0 -92.2586 -1.6 0 0 1 1 1 1 20 0.828429
OBJ 4 -46.1753 0 -68.2613 -1.6 0 0 1 1 1 1 20 0.246659
OBJ 4 47.3702 0 -49.4067 -1.6 0 0 1 1 1 1 20 0.912395
OBJ 4 -84.7871 0 -17.3999 -1.6 0 0 1 1 1 1 20 0.442931
OBJ 4 78.3907 0 -87.7432 -1.6 0 0 1 1 1 1 20 1.49625
OBJ 4 86.8064 0 -44.1133 -1.6 0 0 1 1 1 1 20 0.663785
OBJ 4 -2.27512 0 -37.9802 -1.6 0 0 1 1 1 1 20 1.24723
OBJ 4 59.6439 0 35.115 -1.6 0 0 1 1 1 1 20 0.584514
OBJ 4 -43.1556 0 83.3391 -1.6 0 0 1 1 1 1 20 1.35441
OBJ 5 39.85 0 -41.2037 -1.6 0 0 1 1 1 1 20 1.42631
OBJ 5 -25.7115 0 66.6449 -1.6 0 0 1 1 1 1 20 0.005306
OBJ 5 -9.61476 0 4.77541 -1.6 0 0 1 1 1 1 20 1.20137
OBJ 5 94.9576 0 -47.1289 -1.6 0 0 1 1 1 1 20 0.0354217
OBJ 5 77.5743 0 -8.1011 -1.6 0 0 1 1 1 1 20 1.08711
OBJ 5 32.3404 0 -55.0274 -1.6 0 0 1 1 1 1 20 0.407308
OBJ 5 49.5119 0 -53.5803 -1.6 0 0 1 1 1 1 20 1.31917
OBJ 5 78.0687 0 -98.7243 -1.6 0 0 1 1 1 1 20 0.302258
OBJ 5 39.2368 0 53.2478 -1.6 0 0 1 1 1 1 20 0.261627
OBJ 5 -10.3921 0 -60.0583 -1.6 0 0 1 1 1 1 20 0.752291
OBJ 6 -66.6899 0 -56.8333 -1.6 0 0 1 1 1 1 20 0.76428
OBJ 6 0.473495 0 -41.9184 -1.6 0 0 1 1 1 1 20 1.32781
OBJ 6 30.8439 0 -7.41137 -1.6 0 0 1 1 1 1 20 1.02811
OBJ 6 16.1626 0 44.1741 -1.6 0 0 1 1 1 1 20 1.01136
OBJ 6 88.8394 0 -76.9055 -1.6 0 0 1 1 1 1 20 1.11752
OBJ 6 -13.9816 0 11.2117 -1.6 0 0 1 1 1 1 20 1.0121
OBJ 6 -43.0608 0 76.7989 -1.6 0 0 1 1 1 1 20 0.43805
OBJ 6 -58.7036 0 -32.2339 -1.6 0 0 1 1 1 1 20 1.0919
OBJ 6 -28.8323 0 16.3686 -1.6 0 0 1 1 1 1 20 0.0560434
OBJ 6 89.6285 0 -13.041 -1.6 0 0 1 1 1 1 20 0.900471
OBJ 7 -4.50642 0 60.6911 -1.6 0 0 1 1 1 1 20 1.0112
OBJ 7 -58.6843 0 92.8422 -1.6 0 0 1 1 1 1 20 0.743661
OBJ 7 -6.16956 0 -91.7518 -1.6 0 0 1 1 1 1 20 0.205842
OBJ 7 -21.6081 0 32.1381 -1.6 0 0 1 1 1 1 20 0.33707
OBJ 7 51.0064 0 64.8169 -1.6 0 0 1 1 1 1 20 0.578384
OBJ 7 19.7459 0 69.4583 -1.6 0 0 1 1 1 1 20 0.647532
OBJ 7 -23.6964 0 -64.5214 -1.6 0 0 1 1 1 1 20 0.66197
OBJ 7 -69.7457 0 -15.3922 -1.6 0 0 1 1 1 1 20 0.0309016
OBJ 7 -51.5585 0 56.1975 -1.6 0 0 1 1 1 1 20 0.0821666
OBJ 7 29.9909 0 57.4225 -1.6 0 0 1 1 1 1 20 0.00032576
OBJ 8 30.0062 0 -86.5034 -1.6 0 0 1 1 1 1 20 0.281616
OBJ 8 -17.2148 0 70.6231 -1.6 0 0 1 1 1 1 20 0.464224
OBJ 8 -4.01367 0 -57.7612 -1.6 0 0 1 1 1 1 20 0.810853
OBJ 8 -33.1925 0 -67.0217 -1.6 0 0 1 1 1 1 20 0.494909
OBJ 8 -41.1483 0 20.5239 -1.6 0 0 1 1 1 1 20 0.335258
OBJ 8 -8.52663 0 93.0297 -1.6 0 0 1 1 1 1 20 0.373939
OBJ 8 71.5073 0 23.073 -1.6 0 0 1 1 1 1 20 0.658236
OBJ 8 -37.9 0 14.1578 -1.6 0 0 1 1 1 1 20 0.375998
OBJ 8 85.9456 0 87.1151 -1.6 0 0 1 1 1 1 20 0.326838
OBJ 8 -78.0078 0 -76.7899 -1.6 0 0 1 1 1 1 20 0.697012

COM Light: <LGT id pos.x pos.y pos.z amb.x amb.y amb.z dif.x dif.y dif.z spec.x spec.y spec.z constant linear quadratic>
LGT 0 0 11.378 -1.407 0.05 0.05 0.143 1 0.222 1 0.4 0.4 0.868 1 0.09 0.032 
LGT 0 0 0 -24.216 0.05 0.05 0.05 1 1 1 0.4 0.4 0.4 1 0.09 0.032 
LGT 0 0 0 0 0.05 0.05 0.05 1 1 1 0.4 0.4 0.4 1 0.09 0.032 
LGT 0 0 -3.556 0 0.05 0.05 0.05 1 1 1 0.4 0.4 0.4 1 0.09 0.032 
LGT 0 0 7.111 0 0.05 0.05 0.05 1 1 1 0.4 0.4 0.4 1 0.09 0.032 

COM DirLight: <DIR id dir.x dir.y dir.z amb.x amb.y amb.z dif.x dif.y dif.z spec.x spec.y spec.z>
DIR 0.203 -0.034 0.1 0.076 0.076 0.067 0.78 0.754 0.7 0.059 0.11 0.142 
