COM Level saved by the Experience Level Loader
COM By Brett Hickman, Lucas Li, and Alex Hartford
COM Spring 2022


COM Next Level: <NXT path>
NXT ../levels/forest.txt

COM Camera Setup: <POV pos.x pos.y pos.z>
POV -10.7816 23.6316 35.3751 

COM Object: <OBJ id pos.x pos.y pos.z angleX angleY angleZ vel.x vel.y vel.z rad_h rad_w scale inter? disap? noteN sound>
OBJ 20 -54.9365 -0.875 -17.0033 -1.6 0 0 1 1 1 1 1 1 0 0 0 0 
OBJ 32 0 -10.9 -128 -1.5708 0 0 1 1 1 4.242 0 3 0 0 0 0 
OBJ 32 0 -10.9 -112.2 -1.5708 0 0 1 1 1 4.242 0 3 0 0 0 0 
OBJ 32 0 -10.9 -96.4 -1.5708 0 0 1 1 1 4.242 0 3 0 0 0 0 
OBJ 32 0 -10.9 -80.6 -1.5708 0 0 1 1 1 4.242 0 3 0 0 0 0 
OBJ 32 0 -10.9 -64.8 -1.5708 0 0 1 1 1 4.242 0 3 0 0 0 0 
OBJ 32 0 -10.9 -49 -1.5708 0 0 1 1 1 4.242 0 3 0 0 0 0 
OBJ 32 0 -10.9 -33.2 -1.5708 0 0 1 1 1 4.242 0 3 0 0 0 0 
OBJ 32 0 -10.9 -17.4 -1.5708 0 0 1 1 1 4.242 0 3 0 0 0 0 
OBJ 32 0 -10.9 -1.6 -1.5708 0 0 1 1 1 4.242 0 3 0 0 0 0 
OBJ 32 0 -10.9 14.2 -1.5708 0 0 1 1 1 4.242 0 3 0 0 0 0 
OBJ 32 0 -10.9 30 -1.5708 0 0 1 1 1 4.242 0 3 0 0 0 0 
OBJ 32 0 -10.9 45.8 -1.5708 0 0 1 1 1 4.242 0 3 0 0 0 0 
OBJ 32 0 -10.9 61.6 -1.5708 0 0 1 1 1 4.242 0 3 0 0 0 0 
OBJ 32 0 -10.9 77.4 -1.5708 0 0 1 1 1 4.242 0 3 0 0 0 0 
OBJ 32 0 -10.9 93.2 -1.5708 0 0 1 1 1 4.242 0 3 0 0 0 0 
OBJ 32 0 -10.9 109 -1.5708 0 0 1 1 1 4.242 0 3 0 0 0 0 
OBJ 32 0 -10.9 124.8 -1.5708 0 0 1 1 1 4.242 0 3 0 0 0 0 
OBJ 32 0 -10.9 140.6 -1.5708 0 0 1 1 1 4.242 0 3 0 0 0 0 
OBJ 34 3.5 -7.4 -128 0 3.2 0 1 1 1 0.707 0 0.5 0 0 0 0 
OBJ 34 -3.5 -7.4 -128 0 0 0 1 1 1 0.707 0 0.5 0 0 0 0 
OBJ 34 3.5 -7.4 -120.1 0 3.2 0 1 1 1 0.707 0 0.5 0 0 0 0 
OBJ 34 -3.5 -7.4 -120.1 0 0 0 1 1 1 0.707 0 0.5 0 0 0 0 
OBJ 34 3.5 -7.4 -112.2 0 3.2 0 1 1 1 0.707 0 0.5 0 0 0 0 
OBJ 34 -3.5 -7.4 -112.2 0 0 0 1 1 1 0.707 0 0.5 0 0 0 0 
OBJ 34 3.5 -7.4 -104.3 0 3.2 0 1 1 1 0.707 0 0.5 0 0 0 0 
OBJ 34 -3.5 -7.4 -104.3 0 0 0 1 1 1 0.707 0 0.5 0 0 0 0 
OBJ 34 3.5 -7.4 -96.4 0 3.2 0 1 1 1 0.707 0 0.5 0 0 0 0 
OBJ 34 -3.5 -7.4 -96.4 0 0 0 1 1 1 0.707 0 0.5 0 0 0 0 
OBJ 34 3.5 -7.4 -88.5 0 3.2 0 1 1 1 0.707 0 0.5 0 0 0 0 
OBJ 34 -3.5 -7.4 -88.5 0 0 0 1 1 1 0.707 0 0.5 0 0 0 0 
OBJ 34 3.5 -7.4 -80.6 0 3.2 0 1 1 1 0.707 0 0.5 0 0 0 0 
OBJ 34 -3.5 -7.4 -80.6 0 0 0 1 1 1 0.707 0 0.5 0 0 0 0 
OBJ 34 3.5 -7.4 -72.7 0 3.2 0 1 1 1 0.707 0 0.5 0 0 0 0 
OBJ 34 -3.5 -7.4 -72.7 0 0 0 1 1 1 0.707 0 0.5 0 0 0 0 
OBJ 34 3.5 -7.4 -64.8 0 3.2 0 1 1 1 0.707 0 0.5 0 0 0 0 
OBJ 34 -3.5 -7.4 -64.8 0 0 0 1 1 1 0.707 0 0.5 0 0 0 0 
OBJ 34 3.5 -7.4 -56.9 0 3.2 0 1 1 1 0.707 0 0.5 0 0 0 0 
OBJ 34 -3.5 -7.4 -56.9 0 0 0 1 1 1 0.707 0 0.5 0 0 0 0 
OBJ 34 3.5 -7.4 -49 0 3.2 0 1 1 1 0.707 0 0.5 0 0 0 0 
OBJ 34 -3.5 -7.4 -49 0 0 0 1 1 1 0.707 0 0.5 0 0 0 0 
OBJ 34 3.5 -7.4 -41.1 0 3.2 0 1 1 1 0.707 0 0.5 0 0 0 0 
OBJ 34 -3.5 -7.4 -41.1 0 0 0 1 1 1 0.707 0 0.5 0 0 0 0 
OBJ 34 3.5 -7.4 -33.2 0 3.2 0 1 1 1 0.707 0 0.5 0 0 0 0 
OBJ 34 -3.5 -7.4 -33.2 0 0 0 1 1 1 0.707 0 0.5 0 0 0 0 
OBJ 34 3.5 -7.4 -25.3 0 3.2 0 1 1 1 0.707 0 0.5 0 0 0 0 
OBJ 34 -3.5 -7.4 -25.3 0 0 0 1 1 1 0.707 0 0.5 0 0 0 0 
OBJ 34 3.5 -7.4 -17.4 0 3.2 0 1 1 1 0.707 0 0.5 0 0 0 0 
OBJ 34 -3.5 -7.4 -17.4 0 0 0 1 1 1 0.707 0 0.5 0 0 0 0 
OBJ 34 3.5 -7.4 -9.5 0 3.2 0 1 1 1 0.707 0 0.5 0 0 0 0 
OBJ 34 -3.5 -7.4 -9.5 0 0 0 1 1 1 0.707 0 0.5 0 0 0 0 
OBJ 34 3.5 -7.4 -1.6 0 3.2 0 1 1 1 0.707 0 0.5 0 0 0 0 
OBJ 34 -3.5 -7.4 -1.6 0 0 0 1 1 1 0.707 0 0.5 0 0 0 0 
OBJ 34 3.5 -7.4 6.3 0 3.2 0 1 1 1 0.707 0 0.5 0 0 0 0 
OBJ 34 -3.5 -7.4 6.3 0 0 0 1 1 1 0.707 0 0.5 0 0 0 0 
OBJ 34 3.5 -7.4 14.2 0 3.2 0 1 1 1 0.707 0 0.5 0 0 0 0 
OBJ 34 -3.5 -7.4 14.2 0 0 0 1 1 1 0.707 0 0.5 0 0 0 0 
OBJ 34 3.5 -7.4 22.1 0 3.2 0 1 1 1 0.707 0 0.5 0 0 0 0 
OBJ 34 -3.5 -7.4 22.1 0 0 0 1 1 1 0.707 0 0.5 0 0 0 0 
OBJ 34 3.5 -7.4 30 0 3.2 0 1 1 1 0.707 0 0.5 0 0 0 0 
OBJ 34 -3.5 -7.4 30 0 0 0 1 1 1 0.707 0 0.5 0 0 0 0 
OBJ 34 3.5 -7.4 37.9 0 3.2 0 1 1 1 0.707 0 0.5 0 0 0 0 
OBJ 34 -3.5 -7.4 37.9 0 0 0 1 1 1 0.707 0 0.5 0 0 0 0 
OBJ 34 3.5 -7.4 45.8 0 3.2 0 1 1 1 0.707 0 0.5 0 0 0 0 
OBJ 34 -3.5 -7.4 45.8 0 0 0 1 1 1 0.707 0 0.5 0 0 0 0 
OBJ 34 3.5 -7.4 53.7 0 3.2 0 1 1 1 0.707 0 0.5 0 0 0 0 
OBJ 34 -3.5 -7.4 53.7 0 0 0 1 1 1 0.707 0 0.5 0 0 0 0 
OBJ 34 3.5 -7.4 61.6 0 3.2 0 1 1 1 0.707 0 0.5 0 0 0 0 
OBJ 34 -3.5 -7.4 61.6 0 0 0 1 1 1 0.707 0 0.5 0 0 0 0 
OBJ 35 5.5 -8 -128 0 0 0 1 1 1 3 0 1 0 0 0 0 
OBJ 35 -5.5 -8 -128 0 0 0 1 1 1 1.414 0 1 0 0 0 0 
OBJ 35 5.5 -8 -118 0 0 0 1 1 1 3 0 1 0 0 0 0 
OBJ 35 -5.5 -8 -118 0 0 0 1 1 1 1.414 0 1 0 0 0 0 
OBJ 35 5.5 -8 -108 0 0 0 1 1 1 3 0 1 0 0 0 0 
OBJ 35 -5.5 -8 -108 0 0 0 1 1 1 1.414 0 1 0 0 0 0 
OBJ 35 5.5 -8 -98 0 0 0 1 1 1 3 0 1 0 0 0 0 
OBJ 35 -5.5 -8 -98 0 0 0 1 1 1 1.414 0 1 0 0 0 0 
OBJ 35 5.5 -8 -88 0 0 0 1 1 1 3 0 1 0 0 0 0 
OBJ 35 -5.5 -8 -88 0 0 0 1 1 1 1.414 0 1 0 0 0 0 
OBJ 35 5.5 -8 -78 0 0 0 1 1 1 3 0 1 0 0 0 0 
OBJ 35 -5.5 -8 -78 0 0 0 1 1 1 1.414 0 1 0 0 0 0 
OBJ 35 5.5 -8 -68 0 0 0 1 1 1 3 0 1 0 0 0 0 
OBJ 35 -5.5 -8 -68 0 0 0 1 1 1 1.414 0 1 0 0 0 0 
OBJ 35 5.5 -8 -58 0 0 0 1 1 1 3 0 1 0 0 0 0 
OBJ 35 -5.5 -8 -58 0 0 0 1 1 1 1.414 0 1 0 0 0 0 
OBJ 35 5.5 -8 -48 0 0 0 1 1 1 3 0 1 0 0 0 0 
OBJ 35 -5.5 -8 -48 0 0 0 1 1 1 1.414 0 1 0 0 0 0 
OBJ 35 5.5 -8 -38 0 0 0 1 1 1 3 0 1 0 0 0 0 
OBJ 35 -5.5 -8 -38 0 0 0 1 1 1 1.414 0 1 0 0 0 0 
OBJ 35 5.5 -8 -28 0 0 0 1 1 1 3 0 1 0 0 0 0 
OBJ 35 -5.5 -8 -28 0 0 0 1 1 1 1.414 0 1 0 0 0 0 
OBJ 35 5.5 -8 -18 0 0 0 1 1 1 3 0 1 0 0 0 0 
OBJ 35 -5.5 -8 -18 0 0 0 1 1 1 1.414 0 1 0 0 0 0 
OBJ 35 5.5 -8 -8 0 0 0 1 1 1 3 0 1 0 0 0 0 
OBJ 35 -5.5 -8 -8 0 0 0 1 1 1 1.414 0 1 0 0 0 0 
OBJ 35 5.5 -8 2 0 0 0 1 1 1 3 0 1 0 0 0 0 
OBJ 35 -5.5 -8 2 0 0 0 1 1 1 1.414 0 1 0 0 0 0 
OBJ 35 5.5 -8 12 0 0 0 1 1 1 3 0 1 0 0 0 0 
OBJ 35 -5.5 -8 12 0 0 0 1 1 1 1.414 0 1 0 0 0 0 
OBJ 35 5.5 -8 22 0 0 0 1 1 1 3 0 1 0 0 0 0 
OBJ 35 -5.5 -8 22 0 0 0 1 1 1 1.414 0 1 0 0 0 0 
OBJ 35 5.5 -8 32 0 0 0 1 1 1 3 0 1 0 0 0 0 
OBJ 35 -5.5 -8 32 0 0 0 1 1 1 1.414 0 1 0 0 0 0 
OBJ 35 5.5 -8 42 0 0 0 1 1 1 3 0 1 0 0 0 0 
OBJ 35 -5.5 -8 42 0 0 0 1 1 1 1.414 0 1 0 0 0 0 
OBJ 35 5.5 -8 52 0 0 0 1 1 1 3 0 1 0 0 0 0 
OBJ 35 -5.5 -8 52 0 0 0 1 1 1 1.414 0 1 0 0 0 0 
OBJ 35 5.5 -8 62 0 0 0 1 1 1 3 0 1 0 0 0 0 
OBJ 35 -5.5 -8 62 0 0 0 1 1 1 1.414 0 1 0 0 0 0 
OBJ 35 5.5 -8 72 0 0 0 1 1 1 3 0 1 0 0 0 0 
OBJ 35 -5.5 -8 72 0 0 0 1 1 1 1.414 0 1 0 0 0 0 
OBJ 35 5.5 -8 82 0 0 0 1 1 1 3 0 1 0 0 0 0 
OBJ 35 -5.5 -8 82 0 0 0 1 1 1 1.414 0 1 0 0 0 0 
OBJ 35 5.5 -8 92 0 0 0 1 1 1 3 0 1 0 0 0 0 
OBJ 35 -5.5 -8 92 0 0 0 1 1 1 1.414 0 1 0 0 0 0 
OBJ 35 5.5 -8 102 0 0 0 1 1 1 3 0 1 0 0 0 0 
OBJ 35 -5.5 -8 102 0 0 0 1 1 1 1.414 0 1 0 0 0 0 
OBJ 35 5.5 -8 112 0 0 0 1 1 1 3 0 1 0 0 0 0 
OBJ 35 -5.5 -8 112 0 0 0 1 1 1 1.414 0 1 0 0 0 0 
OBJ 35 5.5 -8 122 0 0 0 1 1 1 3 0 1 0 0 0 0 
OBJ 35 -5.5 -8 122 0 0 0 1 1 1 1.414 0 1 0 0 0 0 
OBJ 35 5.5 -8 132 0 0 0 1 1 1 3 0 1 0 0 0 0 
OBJ 35 -5.5 -8 132 0 0 0 1 1 1 1.414 0 1 0 0 0 0 
OBJ 35 5.5 -8 142 0 0 0 1 1 1 3 0 1 0 0 0 0 
OBJ 35 -5.5 -8 142 0 0 0 1 1 1 1.414 0 1 0 0 0 0 
OBJ 36 3.5 -8 -124 0 0 0 1 1 1 0.707 0 0.5 0 0 0 0 
OBJ 36 3.5 -8 -60.8 0 0 0 1 1 1 0.707 0 0.5 0 0 0 0 
OBJ 36 3.5 -8 2.4 0 0 0 1 1 1 0.707 0 0.5 0 0 0 0 
OBJ 36 3.5 -8 65.6 0 0 0 1 1 1 0.707 0 0.5 0 0 0 0 
OBJ 36 3.5 -8 128.8 0 0 0 1 1 1 0.707 0 0.5 0 0 0 0 

COM Light: <LGT pos.x pos.y pos.z amb.x amb.y amb.z dif.x dif.y dif.z spec.x spec.y spec.z constant linear quadratic>
LGT 0 0 -6.919 0 0 0.05 0.05 1 1 1 0.4 0.4 0.4 1 0.09 

COM DirLight: <DIR dir.x dir.y dir.z amb.x amb.y amb.z dif.x dif.y dif.z spec.x spec.y spec.z>
DIR 0.137 -0.034 -1 0.373 0.216 0.173 0.863 0.784 1 0 0 0 

COM Emitter: <PAR path partAmt pos.x pos.y pos.z rad1 rad2 height vel.x vel.y vel.z life grav startCol.x startCol.y startCol.z startCol.a endCol.x endCol.y endCol.z endCol.a startScl endScl Bugmode Fogmode>

COM Fog: <FOG max min col.x col.y col.z col.a>
FOG 293.125 147.619 1 0.737 0.526 1

COM Terrain: <TER path yScale yShift amb.x amb.y amb.z dif.x dif.y dif.z spec.x spec.y spec.z shine>
TER ../resources/heightmaps/street.jpeg 16 8.186 0 0 0 0 0 0.686275 0.632698 0.595444 0 

COM Skybox: <SKY dir>
SKY ../resources/skyboxes/nightsky/

COM Boundary: <BND col.r, col.g, col.b>
BND 0.965686 0.681661 0.321895 
